,Num_Blocks,MTBF_Input,MTTR_Input,System_MTTF,System_MTTR
0,10,10,1,[0.0],[0.24444444444444435]
1,10,10,20,[0.0],[0.6666666666666665]
2,10,10,30,[0.0],[0.8888888888888888]
3,10,10,40,[0.0],[1.1111111111111112]
4,10,10,50,[0.0],[1.3333333333333333]
5,10,20,1,[0.0],[0.4666666666666662]
6,10,20,20,[0.0],[0.8888888888888888]
7,10,20,30,[0.0],[1.1111111111111112]
8,10,20,40,[0.0],[1.333333333333333]
9,10,20,50,[0.0],[1.5555555555555554]
10,10,30,1,[0.0],[0.6888888888888896]
11,10,30,20,[0.0],[1.1111111111111112]
12,10,30,30,[0.0],[1.3333333333333333]
13,10,30,40,[0.0],[1.555555555555556]
14,10,30,50,[0.0],[1.7777777777777777]
15,10,40,1,[0.0],[0.9111111111111103]
16,10,40,20,[0.0],[1.333333333333333]
17,10,40,30,[0.0],[1.5555555555555551]
18,10,40,40,[0.0],[1.7777777777777777]
19,10,40,50,[0.0],[2.0]
20,10,50,1,[0.0],[1.1333333333333309]
21,10,50,20,[0.0],[1.555555555555556]
22,10,50,30,[0.0],[1.7777777777777777]
23,10,50,40,[0.0],[2.0]
24,10,50,50,[0.0],[2.2222222222222223]
